Y: 1 2.718 7.387524
X: 0 1 2
N: 3
A: 1
B: 7.387524
xx: 1.5